0
0
0
0
0
0
0
0
15
0
469
312
2374
1687
6889
4858
12716
8967
20370
13810
0
0
0
0
0
0
15
0
0
16
296
203
1531
1078
4437
3140
8467
5795
12654
8966
0
0
0
0
0
0
0
0
16
0
234
156
1484
890
3515
2468
6499
4561
12013
7389
0
0
0
0
0
0
15
0
0
0
203
141
1015
734
2999
2109
5545
3921
8592
6045
0
0
0
0
0
0
0
0
16
0
188
125
906
641
2640
1875
5108
3468
7576
5343
0
0
0
0
0
0
0
0
15
0
156
109
812
594
2405
1703
4452
3140
8045
5014
0
0
0
0
0
0
0
0
0
0
125
109
719
484
2062
1468
4343
2812
5874
4155
0
0
0
0
0
0
0
0
0
16
125
78
625
438
1937
1296
3390
2406
5842
3780
0
0
0
0
0
0
0
0
0
0
109
79
563
406
1671
1172
3406
2218
4765
3358
0
0
0
0
0
0
0
0
16
0
93
79
578
391
1547
1078
2843
2015
4546
3109
0
0
0
0
0
0
0
0
0
15
94
63
485
359
1438
1015
2655
1875
4562
3093
0
0
0
0
0
0
0
0
0
16
93
63
468
328
1359
953
2718
1781
4327
2890
0
0
0
0
0
0
0
0
0
0
78
63
453
313
1328
922
2562
1734
4186
2796
